route_id,service_id,trip_id,trip_short_name
1,1,2872,R
2,2,4205,R
3,2,4207,R
4,2,4335,R
5,3,4331,R
6,4,4361,R
7,2,4308,R
8,2,7569,R
9,2,9477,R
10,2,9476,R
11,5,4321,R
12,6,4322,R
13,7,4340,R
14,2,2611,R
15,2,5213,R
16,8,4083,R
17,2,3629,R
18,2,3622,R
19,2,9576,R
20,2,9552,R
21,7,4044,R
22,7,4371,R
23,7,4374,R
21,7,4046,R
24,9,2423,R
12,10,4318,R
25,2,6444,R
26,2,9370,R
27,11,1655,IR
28,2,9343,R
29,2,2569,R
30,2,361,R
31,2,4362,R
19,2,9578,R
30,2,365,R
32,11,1831,IR
33,2,405,IR-N
34,2,9215,R-E
35,2,2703,R
36,7,6501,R
37,2,5215,R
38,2,9123,R
39,2,7945,R-M
40,12,3111,R
41,2,8151,R
42,13,1641,IR-N
43,14,2386,R
44,15,8804,R
45,2,360,R
46,2,3626,R
47,2,1682,IR
48,16,2083,R
49,2,37656,R
50,17,3118,R
8,18,7575,R
51,2,4008,R-E
30,2,363,R
52,2,1589,IR
53,2,9532,R
54,19,9910,R-E
55,2,2070,R
56,2,2382,R
57,2,9553,R
58,18,5013,R
59,20,9666,R
60,11,1660,IR
61,2,7943,R-M
62,2,1597,IR
63,21,8588,R
64,2,4546,R
65,2,2203,R
66,22,4525,R
67,23,3122,R
68,2,9272,R
69,2,7964,R-M
70,2,3030,R
64,18,4544,R
71,24,4655,R
72,8,6454,R
73,2,3623,R
74,2,5464,R
75,2,7940,R-M
76,14,9166,R
77,2,9012,R
75,2,7944,R-M
78,2,1832,IR
79,8,6457,R
53,2,9530,R
80,2,9265,R-E
81,3,4650,R
82,11,1661,IR
83,2,4105,R
84,2,9358,R
85,2,2303,R
77,8,9386,R
86,2,7367,R
87,25,1533,IR
88,2,473,IR-N
89,2,5032,R
90,2,536,IC
91,2,9301,R
92,2,7948,R-M
93,2,5553,R
65,2,2205,R
94,14,9167,R
95,26,5723,R
96,27,4705,R
97,24,4652,R
98,2,5540,R
99,2,9262,R-E
100,28,5016,R
76,29,9170,R
101,30,461,IR-N
39,2,7901,R-M
102,2,531,IC
34,2,9201,R-E
64,2,4550,R
103,2,1830,IR
104,1,2873,R
105,28,9068,R
106,2,2022,R
107,2,5301,R
108,8,4580,R
109,31,8806,R
110,2,4007,R-E
111,21,1821,IR-N
112,32,4074,R
47,33,1584,IR
113,28,9135,R
114,34,1968,IR
115,28,9485,R
116,2,6412,R
117,2,572,IC
118,2,9613,R
119,2,1644,IR-N
120,8,9383,R
121,2,5605,R
122,35,9610,R
123,2,9107,R
124,2,522,IC
125,2,4547,R
126,2,1824,IR
127,36,9580,R
128,37,8360,R
129,2,2620,R
130,2,9005,R
131,8,4082,R
132,2,2627,R
85,38,2301,R
133,39,5720,R
134,2,9214,R-E
73,2,3627,R
135,2,9573,R
136,7,5711,R
92,2,7966,R-M
45,2,368,R
137,2,9022,R
138,2,3089,R
139,11,1656,IR
140,15,8805,R
141,28,9266,R-E
142,2,5554,R
143,1,2521,R-E
144,2,4505,R
145,2,5474,R
146,15,8818,R
147,2,3027,R
148,2,5533,R
63,2,8584,R
149,2,2502,R
150,2,8444,R
151,2,9114,R
152,2,4520,R
153,2,9611,R
154,8,2515,R
155,40,4026,R
156,15,8036,R
157,31,1972,IR
158,18,9382,R
18,2,3620,R
159,7,4045,R
160,41,2700,R
161,42,4484,R
98,43,5534,R
162,44,2854,R
159,2,4043,R
163,3,4314,R
164,29,1992,IR-N
165,2,4010,R
45,2,358,R
166,2,4149,R
29,2,2567,R
167,14,2708,R
46,2,3630,R
168,2,9217,R-E
169,2,5467,R
170,28,9064,R
125,2,4543,R
171,2,9213,R-E
172,2,1882,IR
173,2,5054,R
174,2,9259,R-E
175,2,9028,R
38,2,9121,R
176,45,2088,R
65,2,2213,R
177,35,2042,R
178,8,3514,R
179,2,3042,R
74,2,5468,R
180,2,687,IR
181,2,9575,R
47,2,1582,IR
182,2,4147,R
183,2,4104,R
184,28,1595,IR
60,2,1662,IR
185,2,9103,R
186,2,5102,R
187,7,5701,R
188,2,4501,R
61,2,7941,R-M
189,1,9475,R
190,2,1883,IR
191,46,9505,R
192,2,7039,R
193,2,3041,R
194,47,5623,R
195,2,7364,R
196,48,5433,R
197,28,4323,R
198,18,3533,R
199,2,5209,R
200,8,2065,R
201,2,9268,R-E
202,2,375,IR
152,18,4516,R
203,2,9258,R-E
204,2,5011,R
205,2,2044,R
156,21,8034,R
206,49,6447,R
207,2,4531,R
208,7,4301,R
118,14,9617,R
209,2,5423,R
210,14,2704,R
211,2,5435,R
212,18,9439,R
213,2,8004,R
214,50,9060,R
159,51,13401,R
215,2,9013,R
216,51,9491,R
217,28,4151,R
218,52,1635,IR
219,11,1665,IR
220,2,9902,R-E
146,15,8822,R
221,2,7939,R-M
75,2,7946,R-M
222,2,9004,R
169,2,5461,R
223,53,4365,R
224,2,4532,R
225,38,9504,R
226,43,4517,R
227,2,5574,R
21,2,4048,R
228,2,9163,R
229,2,4106,R
230,2,9572,R
231,11,1657,IR
232,31,1984,IR
233,2,2064,R
207,2,4537,R
234,21,8393,R
235,2,1061,R
236,2,3086,R
237,2,4514,R
238,2,2016,R-E
47,2,1588,IR
239,53,4076,R
240,2,2048,R
241,2,370,IR
242,2,2183,R
243,2,4452,R
244,2,74,IR
223,53,4071,R
245,2,2411,R
246,2,5431,R
247,2,347,IR-N
248,2,5219,R
249,2,4302,R
208,2,4303,R
250,2,9434,R
251,2,4110,R
252,2,9024,R
253,18,7570,R
254,20,2606,R
255,14,9557,R
256,2,9001,R
257,2,1632,IR
11,24,4317,R
26,18,9364,R
258,2,4507,R
259,31,1970,IR
260,11,1664,IR
261,2,5734,R
118,2,13317,R
262,28,9486,R
263,18,3532,R
264,2,6822,R
265,2,9619,R
266,2,2603,R
267,2,2046,R
268,2,2101,R
269,2,9907,R-E
270,2,1841,IR
271,21,8344,R
162,54,2860,R
272,2,5005,R-E
76,2,9164,R
273,28,2413,R
75,2,7922,R-M
274,2,5071,R
275,2,9106,R
276,2,9139,R
277,2,9210,R-E
278,55,2437,R
279,56,5622,R
280,2,3082,R
281,31,8660,R
282,2,2095,R
283,57,5712,R
92,2,7902,R-M
284,31,1914,IR
285,58,2222,R
286,2,4103,R
194,59,5627,R
109,31,8816,R
287,2,2212,R
288,2,5109,R
21,24,4050,R
289,60,5612,R
4,2,13405,R
290,2,4102,R
291,8,6314,R
169,2,5463,R
75,2,7918,R-M
292,2,4506,R
293,28,2076,R
75,2,7934,R-M
274,2,5073,R
294,2,5572,R
65,2,2209,R
295,15,8824,R
208,61,4305,R
161,28,4486,R
296,2,1062,R
297,2,8010,R
298,2,9373,R
39,2,7903,R-M
299,14,2707,R
10,1,9472,R
300,2,686,IR
301,28,9207,R-E
302,62,1530,IR
303,2,9608,R
44,21,8380,R
49,2,37630,R
304,63,5471,R
305,18,9352,R
306,2,1667,IR-N
307,22,4528,R
308,18,4522,R
309,2,3543,R
45,2,362,R
310,64,8206,R
86,65,7369,R
311,2,5051,R
312,2,552,IC
79,8,6451,R
313,28,4330,R
314,37,8369,R
97,66,4654,R
315,18,7362,R
316,7,6502,R
317,18,5004,R-E
74,2,5460,R
171,18,9203,R-E
30,2,359,R
318,2,3031,R
319,67,3128,R
67,2,3126,R
75,2,7930,R-M
320,28,2075,R
321,2,2417,R
322,2,3024,R
72,8,6456,R
74,2,5466,R
323,2,4006,R-E
298,18,9371,R
57,2,13353,R
324,2,9267,R-E
325,2,9137,R
326,68,8391,R
327,2,9388,R
328,2,9667,R
159,2,4047,R
329,69,5564,R
330,31,8809,R
71,70,4653,R
331,71,8121,R
332,2,9669,R
333,2,2624,R
69,2,7962,R-M
334,8,4704,R
335,2,7361,R
336,72,2594,R
337,33,1583,IR
338,2,1745,IR
339,69,5562,R
340,2,532,IC
44,31,8808,R
341,2,558,IC
64,2,4540,R
342,38,9501,R
298,51,13265,R
343,2,4334,R
195,2,7360,R
344,2,8592,R
345,2,5412,R
346,18,7402,R
347,2,1663,IR
207,18,4533,R
348,73,4061,R
258,18,4503,R
349,2,3127,R
350,2,538,IC
351,28,9066,R
352,74,5442,R
186,18,5112,R
31,7,4366,R
353,75,5402,R
354,2,37647,R
355,21,8031,R
356,2,5421,R
10,2,9034,R
173,18,5052,R
357,2,3085,R
358,2,2036,R
359,11,3023,R
360,2,9111,R
361,2,1743,IR-N
362,2,2501,R
189,51,13273,R
363,7,6504,R
75,2,7912,R-M
288,2,5103,R
364,2,2857,R
365,2,1765,IR-N
366,2,2038,R
240,35,2030,R
61,2,7915,R-M
367,2,9694,R
368,2,4363,R
98,2,5532,R
30,2,369,R
369,2,2383,R
166,76,4145,R
25,2,6446,R
77,2,9016,R
370,2,2621,R
371,2,8443,R
372,2,4022,R
224,2,4530,R
373,2,3547,R
374,2,6413,R
35,14,2709,R
375,2,9021,R
227,2,5578,R
376,2,8153,R
268,2,2103,R
377,18,9206,R-E
378,8,2564,R
379,2,9160,R
380,2,75,IR
381,2,9003,R
382,2,5017,R
250,18,9438,R
383,77,1749,IR
277,2,9252,R-E
384,18,5031,R
385,33,8387,R
386,2,5304,R
387,14,2381,R
388,11,1859,IR
61,2,7933,R-M
389,2,9533,R
390,31,8574,R
391,14,9192,R
310,2,8202,R
232,31,1982,IR
47,33,1586,IR
392,2,3112,R
393,54,2086,R
163,2,4316,R
190,2,1885,IR
89,2,5034,R
394,18,5212,R
277,8,9202,R-E
395,2,4064,R
396,2,77,IR
397,24,8003,R
398,2,7916,R-M
399,2,9623,R
120,2,9011,R
400,2,4403,R
169,2,5465,R
145,63,5472,R
401,8,9134,R
402,29,4014,R-E
403,2,5583,R
36,7,6503,R
404,29,1941,IR-N
405,2,9270,R-E
326,31,8819,R
406,2,1574,IR
343,7,4338,R
407,78,5606,R
63,2,8586,R
301,28,9251,R-E
194,59,5629,R
408,2,8122,R
409,45,2085,R
140,21,8383,R
181,2,9193,R
410,2,2516,R
411,2,2445,R
21,3,4092,R
412,8,2851,R
413,2,2300,R
414,2,9625,R
149,2,2504,R
212,2,9441,R
72,8,6452,R
415,18,4524,R
390,33,8594,R
416,2,472,IR-N
94,2,9171,R
417,2,8201,R
418,2,9186,R-E
227,2,5570,R
254,2,2608,R
419,18,5413,R
420,2,9132,R
189,2,9473,R
63,2,8580,R
421,79,2438,R
422,2,7961,R-M
275,2,9104,R
423,58,2221,R
424,18,4523,R
425,2,9664,R
234,31,8379,R
426,2,2855,R
234,21,8397,R
427,15,8342,R
428,2,3029,R
209,2,5419,R
4,2,13403,R
182,80,4143,R
429,2,7037,R
197,3,4311,R
430,7,8005,R
279,59,5624,R
431,54,2091,R
44,21,8396,R
141,2,9264,R-E
329,81,5566,R
432,2,2560,R
433,33,1594,IR
434,2,3545,R
435,82,1952,IR-N
295,15,8812,R
436,83,5443,R
437,2,9480,R
71,3,4651,R
438,2,2061,R
266,20,2601,R
439,18,9033,R
400,2,4405,R
399,2,9627,R
429,2,7033,R
26,18,9362,R
79,8,6453,R
440,2,78,IR-N
441,15,1960,IR-N
142,2,5556,R
442,84,9194,R
443,85,1094,IR
254,2,2604,R
444,28,5003,R-E
445,21,8398,R
257,86,1636,IR
446,28,2012,R-E
447,2,7567,R
377,18,9208,R-E
448,2,2010,R-E
298,18,9359,R
449,18,4515,R
397,24,8009,R
120,2,9015,R
377,2,9204,R-E
450,2,9026,R
451,2,4113,R
383,87,4013,R-E
452,31,1994,IR
453,2,3511,R
454,33,8654,R
28,2,9341,R
138,2,3083,R
6,88,4073,R
455,18,5414,R
456,89,1642,IR-N
457,18,4510,R
298,18,9367,R
371,2,8595,R
458,2,9900,R-E
459,24,8008,R
129,2,2622,R
460,2,5012,R
461,2,5207,R
79,8,6455,R
462,2,3004,R-E
280,2,3080,R
60,2,1668,IR-N
392,2,3116,R
61,2,7931,R-M
463,75,5403,R
464,2,2077,R
465,2,9551,R
466,90,8662,R
467,2,4482,R
468,2,4306,R
47,2,1580,IR
364,44,2853,R
469,28,9261,R-E
470,31,2591,R
471,35,2029,R
472,2,367,IR
399,2,9615,R
473,7,5710,R
474,2,7566,R
475,91,1532,IR
476,2,4112,R
477,2,2850,R
478,17,3115,R
26,18,9372,R
479,8,2562,R
287,2,2214,R
198,8,3535,R
480,2,9263,R-E
481,11,1833,IR
482,8,4114,R
483,2,5584,R
148,7,5537,R
443,30,460,IR-N
479,2,2568,R
484,2,5552,R
353,2,5404,R
485,8,6315,R
202,2,379,IR
486,2,366,IR
65,2,2201,R
413,38,2302,R
487,2,1823,IR
488,2,5072,R
355,15,8033,R
489,18,3091,R
61,2,7921,R-M
490,2,2514,R
491,2,4020,R
181,2,9577,R
492,35,2027,R
493,2,8154,R
494,2,3546,R
495,31,8651,R
496,2,9102,R
44,15,8800,R
86,2,7365,R
497,2,4502,R
498,3,4332,R
499,11,1646,IR
305,2,9342,R
190,2,1887,IR
500,50,9062,R
501,50,9493,R
190,2,1881,IR
445,31,8810,R
502,2,1842,IR
503,2,582,IC
61,2,7917,R-M
504,2,4333,R
495,2,8653,R
425,2,13390,R
496,2,9108,R
505,2,5105,R
271,15,8346,R
506,1,9471,R
75,2,7932,R-M
288,2,5107,R
148,3,5531,R
507,2,1654,IR-N
508,2,7035,R
509,2,377,IR
130,2,9307,R
510,92,407,IR-N
511,2,1643,IR-N
512,2,1572,IR
513,8,5002,R-E
61,2,7927,R-M
514,2,2441,R
304,2,5481,R
25,93,6442,R
125,2,4549,R
466,94,8652,R
75,2,7936,R-M
280,2,3088,R
63,2,8582,R
138,18,3087,R
408,14,8124,R
515,2,7571,R
516,2,5053,R
148,7,5539,R
339,81,5560,R
517,2,1631,IR
279,59,5628,R
518,7,4441,R
519,2,7036,R
52,31,1983,IR
520,95,9403,R
521,96,3747,R
522,2,79,IR-N
523,50,9402,R
524,31,1930,IR
525,2,378,IR
526,97,4483,R
527,2,8203,R
528,2,4511,R
529,2,4485,R
385,15,8803,R
148,2,5535,R
530,64,1889,IR
337,33,1585,IR
531,2,13012,R-E
400,28,4413,R
485,28,6313,R
485,2,6311,R
532,28,2571,R
533,2,1836,IR
326,98,8389,R
534,2,2081,R
488,2,5074,R
535,2,5582,R
536,52,1630,IR
537,2,4094,R
221,2,7913,R-M
121,78,5601,R
39,2,7909,R-M
538,28,6403,R
539,18,2074,R
540,2,3003,R-E
75,2,7938,R-M
541,11,1658,IR
542,28,9507,R
402,99,1748,IR
254,2,2602,R
543,28,2518,R
544,2,559,IC
545,78,5733,R
546,83,5444,R
547,2,4521,R
61,2,7925,R-M
548,2,1681,IR
61,2,7919,R-M
549,31,8817,R
550,100,1858,IR
494,2,3550,R
162,18,2852,R
198,2,3501,R
551,81,1741,IR-N
552,2,1763,IR-N
93,7,5551,R
553,2,1751,IR
186,2,5110,R
554,8,3530,R
555,2,6402,R
556,72,2593,R
557,2,5010,R
494,2,3542,R
558,2,1576,IR
559,31,1936,IR
545,101,5731,R
560,2,5411,R
400,102,4415,R
232,21,1684,IR
561,28,9138,R
118,2,9621,R
206,2,6445,R
562,103,1851,IR
563,2,5217,R
564,2,2184,R
93,2,5557,R
186,2,5106,R
198,2,3503,R
61,2,7923,R-M
565,2,1838,IR
566,2,2031,R
567,31,2592,R
568,2,9122,R
569,20,3746,R
570,104,2100,R
261,101,5730,R
571,2,4406,R
572,8,4581,R
573,2,7568,R
108,8,4582,R
197,2,4313,R
574,2,9200,R-E
298,2,9365,R
575,18,9036,R
35,2,2711,R
576,64,1944,IR-N
329,2,5576,R
577,2,5015,R
578,2,2613,R
427,21,8340,R
579,2,2443,R
45,2,364,R
580,2,1573,IR
326,105,8371,R
581,2,1837,IR
93,2,5555,R
582,2,3125,R
583,21,8381,R
584,2,9310,R
585,2,5311,R
586,2,8093,R
532,2,2561,R
459,2,8002,R
587,106,4062,R
588,2,5202,R
589,107,1920,IR-N
590,108,4702,R
591,2,2014,R-E
92,2,7904,R-M
64,2,4548,R
592,18,5007,R-E
52,33,1587,IR
593,2,5302,R
594,2,9255,R-E
263,109,3534,R
595,2,2447,R
596,18,9109,R
597,110,2522,R-E
598,12,3114,R
28,18,9349,R
599,11,1622,IR
287,2,2208,R
418,2,9180,R-E
39,2,7907,R-M
194,59,5625,R
600,33,3002,R-E
207,2,4535,R
98,2,5538,R
171,28,9211,R-E
601,21,8384,R
129,2,2626,R
555,28,6404,R
602,2,2082,R
239,28,4456,R
71,8,4115,R
582,67,3129,R
232,64,1886,IR
603,111,9389,R
604,112,1922,IR-N
152,2,4518,R
242,2,2181,R
209,2,5415,R
605,2,1753,IR
75,2,7914,R-M
606,2,9161,R
64,2,4542,R
607,2,1754,IR
608,2,5018,R
609,2,2102,R
610,2,4116,R
611,2,3541,R
612,2,2011,R-E
326,15,8827,R
545,2,5735,R
613,2,9304,R
614,31,8807,R
615,2,2062,R
432,2,2570,R
616,2,1735,IR
617,2,521,IC
407,18,5602,R
618,8,9502,R
619,2,2063,R
620,28,9481,R
239,2,4454,R
621,2,9392,R
622,2,8585,R
623,2,3548,R
624,2,2104,R
625,2,3544,R
202,2,371,IR
626,2,9113,R
627,2,4336,R
628,2,1730,IR
629,54,5206,R
630,2,4455,R
631,2,1653,IR-N
65,20,2207,R
632,2,8091,R
203,2,9254,R-E
633,2,3510,R
212,2,9437,R
634,15,8801,R
635,8,2511,R
75,2,7920,R-M
237,2,4526,R
622,2,8587,R
636,2,4504,R
425,2,9668,R
580,2,1571,IR
637,2,9534,R
400,2,4409,R
166,8,4141,R
638,34,1969,IR
329,2,5568,R
639,2,2021,R
640,2,9695,R
250,2,9436,R
287,20,2210,R
279,113,5620,R
641,18,5205,R
75,2,7926,R-M
642,2,13501,R
643,2,1752,IR
644,2,1734,IR
374,2,6411,R
301,2,9257,R-E
314,15,8813,R
645,2,581,IC
646,2,2096,R
65,2,2211,R
647,114,1862,IR
648,2,5050,R
649,2,2080,R
650,8,4101,R
389,2,9535,R
651,2,4373,R
652,2,346,IR-N
653,2,2610,R
654,2,571,IC
655,1,9484,R
656,2,76,IR
493,2,8152,R
422,2,7963,R-M
20,2,9556,R
657,115,4703,R
658,20,3745,R
74,2,5462,R
659,2,2625,R
583,21,8395,R
660,2,1744,IR-N
18,2,3628,R
661,2,2043,R
622,2,8581,R
662,41,2706,R
613,2,9006,R
61,2,7911,R-M
26,18,9360,R
663,2,1680,IR
664,2,1732,IR
665,2,2185,R
666,2,9918,R-E
154,2,2517,R
277,28,9256,R-E
95,116,5721,R
305,2,9340,R
517,2,1633,IR
287,2,2204,R
667,2,5104,R
668,33,9909,R-E
280,18,3084,R
669,2,7038,R
125,117,4551,R
670,2,72,IR
373,2,3549,R
120,2,9387,R
212,2,9435,R
120,18,9385,R
671,2,404,IR-N
672,2,2182,R
673,31,1942,IR-N
146,33,8386,R
674,11,1645,IR
224,2,4536,R
234,118,8399,R
675,2,13503,R
234,21,8385,R
34,2,9253,R-E
353,2,5406,R
676,60,5611,R
677,67,2374,R
344,2,8596,R
398,2,7942,R-M
310,13,8204,R
142,7,5550,R
234,15,8821,R
678,104,2105,R
679,2,1866,IR
680,2,9381,R
681,28,5216,R
682,2,4337,R
504,7,4341,R
683,2,1090,R
332,20,9665,R
234,21,8375,R
305,2,9346,R
659,2,2623,R
684,2,2705,R
685,23,2041,R
686,28,9070,R
212,18,9433,R
379,2,9172,R
29,2,2563,R
186,2,5108,R
687,2,9023,R
172,21,1884,IR
688,119,9911,R-E
241,2,374,IR
26,2,9368,R
319,2,3124,R
689,2,9027,R
690,2,8007,R
691,2,402,IR-N
577,2,5019,R
98,7,5536,R
316,7,6506,R
692,67,2045,R
693,2,349,IR
694,18,1628,IR
580,2,1575,IR
63,15,8578,R
178,2,3512,R
78,2,12832,IR
695,120,1946,IR-N
12,121,4320,R
159,7,4041,R
696,15,1954,IR-N
279,59,5626,R
697,2,3025,R
698,2,5211,R
699,2,3500,R
253,2,7572,R
92,2,7906,R-M
700,2,9487,R
429,18,7031,R
354,2,37651,R
701,122,2421,R
92,2,7910,R-M
702,2,5432,R
592,2,5021,R-E
703,2,5405,R
23,2,4372,R
704,2,401,IR-N
281,31,8656,R
291,28,6312,R
64,2,4552,R
313,2,6821,R
301,28,9209,R-E
571,123,4416,R
705,2,1543,IR
706,21,1861,IR
707,18,9478,R
708,2,2089,R
362,2,2503,R
125,18,4545,R
162,2,2856,R
709,124,8382,R
275,2,9112,R
710,28,4442,R
74,2,5482,R
261,2,5732,R
711,2,4508,R
712,8,2066,R
713,2,9162,R
714,2,73,IR
715,54,2087,R
331,2,8123,R
154,86,2513,R
716,2,7368,R
622,33,8583,R
298,18,9361,R
717,18,7574,R
146,21,8394,R
718,2,3021,R
44,15,8370,R
407,2,5608,R
39,2,7947,R-M
187,2,5703,R
719,2,9120,R
720,15,8815,R
332,2,9663,R
223,7,4457,R
699,2,3536,R
721,102,2702,R
621,125,9384,R
298,8,9363,R
722,2,1539,IR
281,31,8658,R
723,29,1912,IR
389,2,9531,R
694,2,1634,IR
724,2,1590,IR
89,18,5036,R
303,20,9612,R
46,2,3624,R
725,2,551,IC
250,2,9432,R
125,2,4541,R
726,99,406,IR-N
727,2,9391,R
349,67,3123,R
241,2,376,IR
52,21,1581,IR
101,85,1095,IR
123,2,9101,R
728,51,13236,R
729,2,9302,R
730,2,3081,R
39,2,7905,R-M
731,2,1541,IR
94,87,9165,R
732,2,4453,R
622,31,8573,R
212,2,9431,R
234,64,8377,R
733,46,9508,R
14,2,2605,R
453,2,3515,R
703,2,5401,R
734,2,7935,R-M
735,2,3113,R
410,2,2512,R
36,7,6505,R
206,2,6441,R
736,2,1864,IR
737,2,1835,IR
94,2,9169,R
447,2,7573,R
72,8,6458,R
133,126,5722,R
738,2,9271,R
739,2,4512,R
740,2,9347,R
356,2,5417,R
741,8,4701,R
371,2,8591,R
257,2,1638,IR
287,2,2202,R
742,2,9927,R-E
743,18,7565,R
744,28,2018,R-E
601,15,8802,R
745,28,4118,R
26,8,9366,R
505,2,5101,R
317,18,5006,R-E
322,2,3028,R
699,2,3528,R
571,127,4408,R
532,2,2565,R
746,2,4063,R
747,7,4339,R
748,7,5704,R
210,123,2710,R
52,31,1981,IR
749,18,9479,R
638,2,561,IC
750,82,1962,IR-N
295,64,8814,R
298,2,9369,R
751,2,9922,R-E
752,2,3022,R
753,2,4004,R-E
571,2,4410,R
754,8,9483,R
226,43,4519,R
755,11,3032,R
538,2,6401,R
407,2,5610,R
756,2,4513,R
757,2,7363,R
140,15,8823,R
59,2,9662,R
758,128,2420,R
759,2,9185,R-E
760,2,1091,R
761,31,1996,IR
291,2,6316,R
321,28,2415,R
445,33,8388,R
461,2,5203,R
762,2,5201,R
75,2,7924,R-M
590,2,4490,R
763,2,3621,R
764,129,1531,IR
453,8,3513,R
267,67,2372,R
223,2,4451,R
765,2,1537,IR
748,2,5702,R
195,2,7366,R
114,2,562,IC
287,2,2206,R
669,2,7032,R
766,16,2084,R
767,2,1746,IR
479,86,2572,R
198,86,3537,R
281,33,8650,R
73,2,3625,R
768,35,9571,R
121,2,5603,R
92,2,7908,R-M
384,2,5035,R
769,2,4009,R
669,2,7030,R
418,18,9184,R-E
770,2,4096,R
371,2,8593,R
400,130,4407,R
301,2,9205,R-E
61,2,7937,R-M
771,2,4107,R
772,18,5055,R
773,8,2092,R
774,41,2701,R
775,2,1591,IR
776,11,1621,IR
75,2,7928,R-M
777,2,5581,R
687,2,9025,R
128,98,8390,R
778,2,8001,R
779,2,3026,R
780,2,9002,R
163,28,4324,R
432,2,2566,R
61,2,7929,R-M
781,7,8006,R
782,2,5009,R-E
377,2,9212,R-E
206,2,6443,R
783,2,1691,IR
564,2,2186,R
295,31,8820,R
784,35,2028,R
785,2,1596,IR
786,18,4509,R
116,2,6414,R
787,18,2072,R
77,2,9014,R
194,131,5621,R
788,2,3117,R
224,2,4534,R
789,2,2067,R
262,28,9488,R
159,24,4049,R
571,8,4402,R
790,132,3531,R
791,114,1822,IR-N
253,2,7576,R
792,31,1990,IR-N
407,2,5604,R
793,2,348,IR
794,18,5014,R
154,18,2519,R
445,21,8392,R
571,2,4404,R
795,2,10242,R
796,2,10362,R
797,2,10239,R
796,2,10364,R
798,2,10289,R
75,2,10108,R-E
799,8,10330,R
18,133,10402,R
796,2,10352,R
39,2,10105,R-E
800,2,10300,R
797,2,10233,R
801,2,10065,R-E
802,2,10344,R
803,2,10284,R
61,2,10119,R-E
517,2,10021,IR
804,2,10232,R
805,2,10313,R
18,92,10400,R
806,86,10331,R
807,2,10210,R
796,28,10360,R
808,134,10411,R
803,2,10270,R
61,2,10121,R-E
804,2,10226,R
809,2,10209,R
810,18,10241,R
17,92,10401,R
810,18,10251,R
811,2,10361,R
805,2,10311,R
803,2,10278,R
812,31,10082,IR
813,2,10031,IR
814,31,10084,IR
815,2,10059,R-E
75,2,10120,R-E
810,2,10249,R
810,2,10245,R
75,2,10124,R-E
804,135,10230,R
811,28,10359,R
809,2,10205,R
797,135,10227,R
816,2,10051,R-E
805,2,10301,R
817,2,10077,R-E
800,2,10310,R
811,2,10351,R
818,86,10322,R
800,2,10304,R
797,2,10235,R
798,2,10287,R
797,2,10229,R
796,2,10358,R
816,2,10053,R-E
819,2,10263,R
798,2,10281,R
810,2,10257,R
808,134,10413,R
820,2,10262,R
422,2,10129,R-E
798,2,10275,R
821,2,10067,R-E
822,2,10321,R
805,2,10309,R
804,2,10222,R
823,134,10410,R
803,2,10282,R
819,2,10261,R
61,2,10113,R-E
815,2,10063,R-E
257,2,10024,IR
18,92,10406,R
810,2,10243,R
75,2,10114,R-E
801,2,10069,R-E
824,2,10093,R-E
804,2,10236,R
61,2,10107,R-E
803,2,10276,R
796,8,10366,R
61,2,10117,R-E
805,2,10303,R
825,2,10341,R
795,18,10246,R
823,134,10416,R
800,2,10302,R
801,2,10061,R-E
826,2,10182,R-E
800,2,10308,R
803,2,10288,R
795,18,10254,R
422,2,10131,R-E
827,2,10092,R-E
811,2,10365,R
828,2,10052,R-E
795,2,10256,R
795,2,10250,R
829,2,10323,R
18,92,10404,R
800,2,10306,R
92,2,10104,R-E
811,18,10355,R
803,2,10290,R
69,2,10132,R-E
795,2,10252,R
75,2,10122,R-E
804,2,10234,R
17,92,10403,R
819,2,10267,R
75,2,10112,R-E
257,2,10022,IR
796,2,10348,R
802,136,10342,R
805,2,10305,R
75,2,10116,R-E
798,2,10293,R
92,2,10102,R-E
75,2,10110,R-E
826,2,10184,R-E
805,8,10315,R
830,31,10085,IR
811,8,10363,R
816,2,10055,R-E
831,2,10202,R
832,86,10346,R
804,2,10220,R
833,31,10081,IR
797,137,10225,R
820,2,10266,R
811,2,10357,R
61,2,10109,R-E
803,2,10272,R
798,2,10291,R
798,2,10273,R
797,2,10231,R
804,137,10228,R
804,2,10224,R
798,2,10285,R
802,86,10340,R
834,31,10083,IR
815,2,10079,R-E
805,2,10307,R
517,2,10023,IR
835,2,10072,IR
836,2,10030,IR
827,2,10090,R-E
808,134,10417,R
795,2,10240,R
804,2,10238,R
39,2,10103,R-E
92,2,10106,R-E
837,138,10073,IR
823,134,10412,R
803,2,10280,R
838,2,10064,R-E
835,138,10074,IR
75,2,10118,R-E
839,31,10086,IR
818,8,10324,R
820,2,10260,R
840,2,10071,IR
841,2,10181,R-E
823,134,10414,R
797,2,10223,R
796,2,10350,R
798,2,10279,R
810,18,10247,R
61,2,10123,R-E
39,2,10101,R-E
799,2,10332,R
798,2,10271,R
838,2,10062,R-E
17,92,10405,R
842,2,10164,R
824,2,10091,R-E
828,2,10054,R-E
843,2,10201,R
809,2,10203,R
829,2,10325,R
796,18,10354,R
61,2,10115,R-E
798,2,10283,R
808,134,10415,R
798,8,10277,R
810,2,10255,R
810,18,10253,R
61,2,10111,R-E
844,2,10183,R-E
811,2,10349,R
797,8,10237,R
845,2,10050,R-E
811,2,10353,R
69,2,10130,R-E
17,92,10407,R
796,2,10356,R
795,28,10258,R
810,86,10259,R
795,8,10248,R
803,2,10274,R
846,2,10320,R
803,2,10286,R
811,2,10367,R
847,2,10165,R
797,2,10221,R
73,2,10565,R
73,7,10567,R
848,7,10619,R
849,2,10506,R-E
850,2,10764,R
851,2,10646,R
852,7,10579,R
853,2,10518,R-E
504,2,10609,R
125,18,10737,R
854,8,10527,R
855,139,10572,R
848,2,10627,R
848,2,10621,R
73,2,10557,R
850,2,10762,R
856,2,10522,R
571,7,10668,R
46,2,10562,R
857,2,10616,R
858,2,10633,R
850,2,10760,R
504,2,10605,R
21,2,10692,R
859,2,10519,R-E
860,2,10769,R
64,18,10734,R
21,2,10684,R
159,2,10689,R
861,2,10603,R
862,2,10636,R
400,2,10665,R
848,7,10625,R
125,2,10733,R
400,2,10671,R
159,51,14141,R
46,2,10558,R
863,7,10622,R
864,7,10507,R-E
159,2,10687,R
627,2,10608,R
865,2,10735,R
850,2,10766,R
197,2,10673,R
866,2,10528,R
46,2,10556,R
863,2,10624,R
867,86,10529,R
851,2,10644,R
21,2,10688,R
868,7,10564,R
249,7,10580,R
73,28,14125,R
869,2,10516,R-E
571,7,10662,R
159,2,10691,R
73,7,10569,R
571,2,10670,R
627,2,14120,R
863,2,10626,R
400,2,10669,R
73,2,10563,R
856,2,14100,R
865,43,10739,R
850,2,10768,R
870,2,10645,R
863,2,10618,R
46,3,10550,R
13,2,10610,R
871,7,10578,R
249,2,10582,R
872,2,10533,R
848,2,10617,R
13,2,10606,R
856,2,10520,R
863,2,10620,R
873,2,10634,R
197,7,10675,R
208,2,10583,R
874,2,10535,R
856,2,10524,R
571,2,10660,R
875,2,10515,R-E
747,2,10607,R
163,2,10674,R
571,2,10664,R
73,2,10559,R
854,2,10525,R
876,140,10614,R
877,43,10736,R
208,7,10581,R
46,2,10552,R
878,2,10514,R-E
46,2,10554,R
879,2,10508,R-E
159,2,10685,R
877,2,10738,R
13,2,10602,R
880,123,10511,R-E
249,2,10584,R
873,2,10632,R
73,141,10561,R
860,2,10767,R
21,2,10690,R
870,2,10643,R
871,7,10576,R
867,2,10521,R
571,2,10666,R
400,7,10667,R
854,2,10523,R
627,2,10604,R
848,2,10629,R
865,2,10731,R
208,2,10585,R
400,2,10661,R
881,2,10512,R-E
504,51,14121,R
64,2,10732,R
882,2,14122,R
883,2,10513,R-E
848,2,10623,R
73,2,10553,R
884,2,10517,R-E
885,2,10534,R
159,2,10693,R
163,7,10676,R
852,7,10577,R
21,2,10686,R
864,2,10509,R-E
886,51,14140,R
887,2,10531,R
888,2,10551,R
851,2,10642,R
889,2,10635,R
860,2,10765,R
860,2,10763,R
400,2,10663,R
877,2,10730,R
46,141,10560,R
571,2,10672,R
860,2,10761,R
870,2,10641,R
890,139,10573,R
889,2,10637,R
891,31,11506,IR
892,142,11504,IR-N
893,143,11508,IR
894,144,11505,IR
895,145,11534,IR
893,146,11510,IR
895,104,11532,IR
896,104,11525,IR
897,104,11533,IR
897,145,11537,IR
898,147,11502,IR-N
896,148,11521,IR
899,149,11501,IR-N
900,145,11520,IR
900,104,11522,IR
895,145,11538,IR
901,150,11500,IR-N
895,104,11536,IR
897,145,11531,IR
897,104,11535,IR
902,2,11631,R-E
903,90,11683,IR
904,151,11616,R-E
905,2,11632,R-E
906,151,11611,R-E
907,90,11682,IR
908,2,11613,R-E
905,94,11636,R-E
907,152,11684,IR
905,2,11634,R-E
904,2,11614,R-E
909,2,11615,R-E
902,94,11633,R-E
910,2,11612,R-E
903,152,11681,IR
911,2,11635,R-E
912,2,11363,R
913,2,11442,R
914,2,11447,R
915,2,11033,R-E
916,2,11350,R
917,2,11323,R
918,2,11434,R
916,2,11344,R
919,2,11209,R
920,2,11411,R
921,2,11202,R
922,2,11462,R-E
923,2,11109,R
924,2,11343,R
925,2,11425,R
926,2,11376,R
927,2,11279,R
928,2,11107,R
929,2,11475,R
930,2,11445,R
931,2,11317,R
912,2,11365,R
925,2,11427,R
932,2,11486,R
915,2,11039,R-E
933,2,11393,R
934,2,11182,R
933,2,11391,R
935,2,11392,R
924,2,11335,R
925,2,11429,R
927,2,11271,R
931,2,11321,R
936,2,14230,R
937,2,11378,R
938,2,11276,R
939,2,11441,R
916,2,11346,R
940,2,11402,R
941,2,11103,R
942,2,11014,R
919,2,11211,R
933,2,11399,R
943,2,11058,R-E
944,2,11422,R
945,2,11178,R
946,2,11168,R
940,2,11404,R
940,2,11408,R
947,2,11148,R
948,2,11301,R
949,2,11491,R
916,2,11348,R
950,2,11081,R-E
951,2,11030,R-E
952,2,11366,R
920,2,11405,R
932,2,11480,R
953,2,11020,R
933,2,11389,R
929,2,11483,R
954,2,11461,R-E
916,2,11340,R
955,2,14244,R
932,2,11484,R
956,2,11106,R
957,2,11147,R
957,2,11145,R
924,2,11355,R
958,2,11318,R
936,2,11122,R
959,2,11208,R
915,2,11037,R-E
960,2,11443,R
924,2,11349,R
961,2,11101,R
962,2,11364,R
940,2,11400,R
916,2,11342,R
940,2,11410,R
925,2,11431,R
938,2,11274,R
916,2,11334,R
938,2,11278,R
918,2,11430,R
924,2,11337,R
940,2,11406,R
116,2,11454,R
937,2,11374,R
963,2,11127,R
108,2,11360,R
915,2,11031,R-E
932,2,11474,R
935,2,11396,R
964,2,11187,R
919,2,11207,R
929,2,11485,R
924,2,11347,R
959,2,11212,R
963,2,14231,R
935,2,11388,R
953,2,11016,R
924,2,11345,R
965,153,11080,IR
916,2,11356,R
926,2,11372,R
919,2,11213,R
916,2,11338,R
966,2,11181,R
926,2,11384,R
925,2,11433,R
912,2,11361,R
967,2,11012,R
959,2,11200,R
920,2,11401,R
924,2,11333,R
929,2,11487,R
920,2,11409,R
374,2,11455,R
918,2,11432,R
968,2,11063,R-E
936,2,11124,R
969,2,11161,R
932,2,11478,R
970,2,11302,R
969,2,11171,R
971,2,11062,R-E
946,2,11160,R
972,2,11164,R
947,2,11146,R
973,154,11084,IR
974,2,11322,R
962,2,11362,R
975,2,11028,R-E
976,2,14245,R
918,2,11426,R
963,2,11123,R
914,2,11449,R
964,2,11189,R
929,2,11489,R
925,2,11423,R
977,2,11201,R
935,2,11398,R
975,2,11038,R-E
924,2,11357,R
938,2,11280,R
937,2,11382,R
945,2,14234,R
945,2,11162,R
978,153,11088,IR
927,2,11275,R
979,2,11019,R
927,2,11277,R
980,2,11065,R-E
945,2,11174,R
981,2,11446,R
938,2,11270,R
916,2,11352,R
982,2,11367,R
983,2,11108,R
919,2,11203,R
929,2,11477,R
916,2,11332,R
956,2,14236,R
935,2,11390,R
915,2,11029,R-E
984,2,11105,R
974,2,11312,R
924,2,11351,R
929,2,11481,R
985,2,11440,R
986,2,11435,R
946,2,11176,R
972,2,11172,R
920,2,11413,R
933,2,11395,R
959,2,11204,R
987,2,11011,R
931,2,11315,R
916,2,11336,R
952,2,11368,R
986,2,11437,R
988,2,11054,R-E
932,2,11476,R
945,2,11170,R
920,2,11403,R
930,2,11451,R
989,2,11018,R
959,2,11210,R
948,2,11303,R
933,2,11397,R
958,2,11316,R
938,2,11272,R
964,2,11183,R
916,2,11330,R
924,2,11331,R
987,2,11017,R
935,2,11394,R
956,2,11104,R
956,2,11102,R
985,2,11444,R
927,2,11281,R
919,2,11205,R
957,2,11143,R
374,2,11453,R
958,2,11310,R
957,2,11149,R
990,2,11314,R
959,2,11206,R
971,2,11064,R-E
988,2,11052,R-E
926,2,11380,R
929,2,11479,R
991,2,11185,R
975,2,11034,R-E
992,2,11473,R
936,2,11120,R
924,2,11339,R
992,2,11471,R
993,2,11126,R
937,2,11370,R
994,154,11086,IR
940,2,11412,R
995,2,11082,R-E
924,2,11341,R
924,2,11353,R
915,2,11035,R-E
920,2,11407,R
945,2,11166,R
931,2,11311,R
963,2,11121,R
918,2,11428,R
947,2,11140,R
963,2,11125,R
996,51,14291,R
974,2,11320,R
997,2,11184,R
947,2,11142,R
947,2,11144,R
943,2,11056,R-E
979,2,11015,R
970,2,11300,R
998,2,11180,R
932,2,11482,R
917,2,11313,R
932,2,11470,R
932,2,11472,R
996,2,11013,R
934,2,11186,R
975,2,11032,R-E
917,2,11319,R
999,2,11273,R
916,2,11354,R
1000,2,11450,R
913,2,11448,R
957,2,11141,R
944,2,11424,R
1001,2,11100,R
975,2,11036,R-E
946,2,11158,R
997,2,14232,R
